{
 "cells": [
  {
   "cell_type": "markdown",
   "source": [
    "## Initialization"
   ],
   "metadata": {
    "collapsed": false,
    "pycharm": {
     "name": "#%% md\n"
    }
   }
  },
  {
   "cell_type": "code",
   "execution_count": 603,
   "outputs": [],
   "source": [
    "best_result = 10e6"
   ],
   "metadata": {
    "collapsed": false,
    "pycharm": {
     "name": "#%%\n"
    }
   }
  },
  {
   "cell_type": "markdown",
   "source": [
    "### Data Processing"
   ],
   "metadata": {
    "collapsed": false
   }
  },
  {
   "cell_type": "code",
   "execution_count": 604,
   "outputs": [
    {
     "data": {
      "text/plain": "             Incheon  Seoul  Busan  Daegu  Daejeon  Gwangju  Suwon-si  Ulsan  \\\nIncheon          0.0   27.0  335.0  244.0    141.0    257.0      33.0  316.0   \nSeoul           27.0    0.0  330.0  237.0    144.0    268.0      31.0  307.0   \nBusan          335.0  330.0    0.0   95.0    199.0    193.0     304.0   54.0   \nDaegu          244.0  237.0   95.0    0.0    117.0    171.0     212.0   75.0   \nDaejeon        141.0  144.0  199.0  117.0      0.0    137.0     114.0  192.0   \nGwangju        257.0  268.0  193.0  171.0    137.0      0.0     238.0  222.0   \nSuwon-si        33.0   31.0  304.0  212.0    114.0    238.0       0.0  284.0   \nUlsan          316.0  307.0   54.0   75.0    192.0    222.0     284.0    0.0   \nJeonju         186.0  195.0  189.0  130.0     61.0     77.0     164.0  198.0   \nCheongju-si    115.0  113.0  221.0  130.0     36.0    173.0      84.0  205.0   \nChangwon       304.0  301.0   35.0   72.0    167.0    161.0     274.0   67.0   \nJeju-si        439.0  453.0  291.0  324.0    323.0    186.0     423.0  341.0   \nChuncheon      102.0   75.0  330.0  236.0    175.0    311.0      91.0  296.0   \nHongsung        95.0  111.0  271.0  191.0     74.0    162.0      83.0  266.0   \nMuan           275.0  290.0  233.0  215.0    171.0     44.0     260.0  265.0   \n\n             Jeonju  Cheongju-si  Changwon  Jeju-si  Chuncheon  Hongsung  \\\nIncheon       186.0        115.0     304.0    439.0      102.0      95.0   \nSeoul         195.0        113.0     301.0    453.0       75.0     111.0   \nBusan         189.0        221.0      35.0    291.0      330.0     271.0   \nDaegu         130.0        130.0      72.0    324.0      236.0     191.0   \nDaejeon        61.0         36.0     167.0    323.0      175.0      74.0   \nGwangju        77.0        173.0     161.0    186.0      311.0     162.0   \nSuwon-si      164.0         84.0     274.0    423.0       91.0      83.0   \nUlsan         198.0        205.0      67.0    341.0      296.0     266.0   \nJeonju          0.0         96.0     154.0    264.0      234.0      97.0   \nCheongju-si    96.0          0.0     190.0    359.0      139.0      74.0   \nChangwon      154.0        190.0       0.0    275.0      306.0     237.0   \nJeju-si       264.0        359.0     275.0      0.0      498.0     344.0   \nChuncheon     234.0        139.0     306.0    498.0        0.0     170.0   \nHongsung       97.0         74.0     237.0    344.0      170.0       0.0   \nMuan          111.0        205.0     202.0    165.0      340.0     180.0   \n\n              Muan  \nIncheon      275.0  \nSeoul        290.0  \nBusan        233.0  \nDaegu        215.0  \nDaejeon      171.0  \nGwangju       44.0  \nSuwon-si     260.0  \nUlsan        265.0  \nJeonju       111.0  \nCheongju-si  205.0  \nChangwon     202.0  \nJeju-si      165.0  \nChuncheon    340.0  \nHongsung     180.0  \nMuan           0.0  ",
      "text/html": "<div>\n<style scoped>\n    .dataframe tbody tr th:only-of-type {\n        vertical-align: middle;\n    }\n\n    .dataframe tbody tr th {\n        vertical-align: top;\n    }\n\n    .dataframe thead th {\n        text-align: right;\n    }\n</style>\n<table border=\"1\" class=\"dataframe\">\n  <thead>\n    <tr style=\"text-align: right;\">\n      <th></th>\n      <th>Incheon</th>\n      <th>Seoul</th>\n      <th>Busan</th>\n      <th>Daegu</th>\n      <th>Daejeon</th>\n      <th>Gwangju</th>\n      <th>Suwon-si</th>\n      <th>Ulsan</th>\n      <th>Jeonju</th>\n      <th>Cheongju-si</th>\n      <th>Changwon</th>\n      <th>Jeju-si</th>\n      <th>Chuncheon</th>\n      <th>Hongsung</th>\n      <th>Muan</th>\n    </tr>\n  </thead>\n  <tbody>\n    <tr>\n      <th>Incheon</th>\n      <td>0.0</td>\n      <td>27.0</td>\n      <td>335.0</td>\n      <td>244.0</td>\n      <td>141.0</td>\n      <td>257.0</td>\n      <td>33.0</td>\n      <td>316.0</td>\n      <td>186.0</td>\n      <td>115.0</td>\n      <td>304.0</td>\n      <td>439.0</td>\n      <td>102.0</td>\n      <td>95.0</td>\n      <td>275.0</td>\n    </tr>\n    <tr>\n      <th>Seoul</th>\n      <td>27.0</td>\n      <td>0.0</td>\n      <td>330.0</td>\n      <td>237.0</td>\n      <td>144.0</td>\n      <td>268.0</td>\n      <td>31.0</td>\n      <td>307.0</td>\n      <td>195.0</td>\n      <td>113.0</td>\n      <td>301.0</td>\n      <td>453.0</td>\n      <td>75.0</td>\n      <td>111.0</td>\n      <td>290.0</td>\n    </tr>\n    <tr>\n      <th>Busan</th>\n      <td>335.0</td>\n      <td>330.0</td>\n      <td>0.0</td>\n      <td>95.0</td>\n      <td>199.0</td>\n      <td>193.0</td>\n      <td>304.0</td>\n      <td>54.0</td>\n      <td>189.0</td>\n      <td>221.0</td>\n      <td>35.0</td>\n      <td>291.0</td>\n      <td>330.0</td>\n      <td>271.0</td>\n      <td>233.0</td>\n    </tr>\n    <tr>\n      <th>Daegu</th>\n      <td>244.0</td>\n      <td>237.0</td>\n      <td>95.0</td>\n      <td>0.0</td>\n      <td>117.0</td>\n      <td>171.0</td>\n      <td>212.0</td>\n      <td>75.0</td>\n      <td>130.0</td>\n      <td>130.0</td>\n      <td>72.0</td>\n      <td>324.0</td>\n      <td>236.0</td>\n      <td>191.0</td>\n      <td>215.0</td>\n    </tr>\n    <tr>\n      <th>Daejeon</th>\n      <td>141.0</td>\n      <td>144.0</td>\n      <td>199.0</td>\n      <td>117.0</td>\n      <td>0.0</td>\n      <td>137.0</td>\n      <td>114.0</td>\n      <td>192.0</td>\n      <td>61.0</td>\n      <td>36.0</td>\n      <td>167.0</td>\n      <td>323.0</td>\n      <td>175.0</td>\n      <td>74.0</td>\n      <td>171.0</td>\n    </tr>\n    <tr>\n      <th>Gwangju</th>\n      <td>257.0</td>\n      <td>268.0</td>\n      <td>193.0</td>\n      <td>171.0</td>\n      <td>137.0</td>\n      <td>0.0</td>\n      <td>238.0</td>\n      <td>222.0</td>\n      <td>77.0</td>\n      <td>173.0</td>\n      <td>161.0</td>\n      <td>186.0</td>\n      <td>311.0</td>\n      <td>162.0</td>\n      <td>44.0</td>\n    </tr>\n    <tr>\n      <th>Suwon-si</th>\n      <td>33.0</td>\n      <td>31.0</td>\n      <td>304.0</td>\n      <td>212.0</td>\n      <td>114.0</td>\n      <td>238.0</td>\n      <td>0.0</td>\n      <td>284.0</td>\n      <td>164.0</td>\n      <td>84.0</td>\n      <td>274.0</td>\n      <td>423.0</td>\n      <td>91.0</td>\n      <td>83.0</td>\n      <td>260.0</td>\n    </tr>\n    <tr>\n      <th>Ulsan</th>\n      <td>316.0</td>\n      <td>307.0</td>\n      <td>54.0</td>\n      <td>75.0</td>\n      <td>192.0</td>\n      <td>222.0</td>\n      <td>284.0</td>\n      <td>0.0</td>\n      <td>198.0</td>\n      <td>205.0</td>\n      <td>67.0</td>\n      <td>341.0</td>\n      <td>296.0</td>\n      <td>266.0</td>\n      <td>265.0</td>\n    </tr>\n    <tr>\n      <th>Jeonju</th>\n      <td>186.0</td>\n      <td>195.0</td>\n      <td>189.0</td>\n      <td>130.0</td>\n      <td>61.0</td>\n      <td>77.0</td>\n      <td>164.0</td>\n      <td>198.0</td>\n      <td>0.0</td>\n      <td>96.0</td>\n      <td>154.0</td>\n      <td>264.0</td>\n      <td>234.0</td>\n      <td>97.0</td>\n      <td>111.0</td>\n    </tr>\n    <tr>\n      <th>Cheongju-si</th>\n      <td>115.0</td>\n      <td>113.0</td>\n      <td>221.0</td>\n      <td>130.0</td>\n      <td>36.0</td>\n      <td>173.0</td>\n      <td>84.0</td>\n      <td>205.0</td>\n      <td>96.0</td>\n      <td>0.0</td>\n      <td>190.0</td>\n      <td>359.0</td>\n      <td>139.0</td>\n      <td>74.0</td>\n      <td>205.0</td>\n    </tr>\n    <tr>\n      <th>Changwon</th>\n      <td>304.0</td>\n      <td>301.0</td>\n      <td>35.0</td>\n      <td>72.0</td>\n      <td>167.0</td>\n      <td>161.0</td>\n      <td>274.0</td>\n      <td>67.0</td>\n      <td>154.0</td>\n      <td>190.0</td>\n      <td>0.0</td>\n      <td>275.0</td>\n      <td>306.0</td>\n      <td>237.0</td>\n      <td>202.0</td>\n    </tr>\n    <tr>\n      <th>Jeju-si</th>\n      <td>439.0</td>\n      <td>453.0</td>\n      <td>291.0</td>\n      <td>324.0</td>\n      <td>323.0</td>\n      <td>186.0</td>\n      <td>423.0</td>\n      <td>341.0</td>\n      <td>264.0</td>\n      <td>359.0</td>\n      <td>275.0</td>\n      <td>0.0</td>\n      <td>498.0</td>\n      <td>344.0</td>\n      <td>165.0</td>\n    </tr>\n    <tr>\n      <th>Chuncheon</th>\n      <td>102.0</td>\n      <td>75.0</td>\n      <td>330.0</td>\n      <td>236.0</td>\n      <td>175.0</td>\n      <td>311.0</td>\n      <td>91.0</td>\n      <td>296.0</td>\n      <td>234.0</td>\n      <td>139.0</td>\n      <td>306.0</td>\n      <td>498.0</td>\n      <td>0.0</td>\n      <td>170.0</td>\n      <td>340.0</td>\n    </tr>\n    <tr>\n      <th>Hongsung</th>\n      <td>95.0</td>\n      <td>111.0</td>\n      <td>271.0</td>\n      <td>191.0</td>\n      <td>74.0</td>\n      <td>162.0</td>\n      <td>83.0</td>\n      <td>266.0</td>\n      <td>97.0</td>\n      <td>74.0</td>\n      <td>237.0</td>\n      <td>344.0</td>\n      <td>170.0</td>\n      <td>0.0</td>\n      <td>180.0</td>\n    </tr>\n    <tr>\n      <th>Muan</th>\n      <td>275.0</td>\n      <td>290.0</td>\n      <td>233.0</td>\n      <td>215.0</td>\n      <td>171.0</td>\n      <td>44.0</td>\n      <td>260.0</td>\n      <td>265.0</td>\n      <td>111.0</td>\n      <td>205.0</td>\n      <td>202.0</td>\n      <td>165.0</td>\n      <td>340.0</td>\n      <td>180.0</td>\n      <td>0.0</td>\n    </tr>\n  </tbody>\n</table>\n</div>"
     },
     "execution_count": 604,
     "metadata": {},
     "output_type": "execute_result"
    }
   ],
   "source": [
    "import pandas as pd\n",
    "import numpy as np\n",
    "from numpy import array\n",
    "\n",
    "# data_path = Path('C:/Users/bettl/PycharmProjects/Computation_of_Data_Science/Homework_1/Korea-Distance.xlsx')\n",
    "# Label = pd.read_excel('Korea-Distance.xlsx')\n",
    "Raw_Cities_Distance = pd.read_excel('Korea-Distance.xlsx', index_col=0)\n",
    "Raw_Cities_Distance = Raw_Cities_Distance.fillna(0)\n",
    "# Sometimes, there's a bug to exclude index column of xlsx files during reading,\n",
    "# even adding the 'index_col = None' statement.\n",
    "\n",
    "# Label\n",
    "Raw_Cities_Distance\n"
   ],
   "metadata": {
    "collapsed": false,
    "pycharm": {
     "name": "#%%\n"
    }
   }
  },
  {
   "cell_type": "code",
   "execution_count": 605,
   "outputs": [
    {
     "name": "stdout",
     "output_type": "stream",
     "text": [
      "[[  0.  27. 335. 244. 141. 257.  33. 316. 186. 115. 304. 439. 102.  95.\n",
      "  275.]\n",
      " [ 27.   0. 330. 237. 144. 268.  31. 307. 195. 113. 301. 453.  75. 111.\n",
      "  290.]\n",
      " [335. 330.   0.  95. 199. 193. 304.  54. 189. 221.  35. 291. 330. 271.\n",
      "  233.]\n",
      " [244. 237.  95.   0. 117. 171. 212.  75. 130. 130.  72. 324. 236. 191.\n",
      "  215.]\n",
      " [141. 144. 199. 117.   0. 137. 114. 192.  61.  36. 167. 323. 175.  74.\n",
      "  171.]\n",
      " [257. 268. 193. 171. 137.   0. 238. 222.  77. 173. 161. 186. 311. 162.\n",
      "   44.]\n",
      " [ 33.  31. 304. 212. 114. 238.   0. 284. 164.  84. 274. 423.  91.  83.\n",
      "  260.]\n",
      " [316. 307.  54.  75. 192. 222. 284.   0. 198. 205.  67. 341. 296. 266.\n",
      "  265.]\n",
      " [186. 195. 189. 130.  61.  77. 164. 198.   0.  96. 154. 264. 234.  97.\n",
      "  111.]\n",
      " [115. 113. 221. 130.  36. 173.  84. 205.  96.   0. 190. 359. 139.  74.\n",
      "  205.]\n",
      " [304. 301.  35.  72. 167. 161. 274.  67. 154. 190.   0. 275. 306. 237.\n",
      "  202.]\n",
      " [439. 453. 291. 324. 323. 186. 423. 341. 264. 359. 275.   0. 498. 344.\n",
      "  165.]\n",
      " [102.  75. 330. 236. 175. 311.  91. 296. 234. 139. 306. 498.   0. 170.\n",
      "  340.]\n",
      " [ 95. 111. 271. 191.  74. 162.  83. 266.  97.  74. 237. 344. 170.   0.\n",
      "  180.]\n",
      " [275. 290. 233. 215. 171.  44. 260. 265. 111. 205. 202. 165. 340. 180.\n",
      "    0.]]\n",
      "[[ True  True  True  True  True  True  True  True  True  True  True  True\n",
      "   True  True  True]\n",
      " [ True False False False False False False False False False False False\n",
      "  False False False]\n",
      " [ True False False False False False False False False False False False\n",
      "  False False False]\n",
      " [ True False False False False False False False False False False False\n",
      "  False False False]\n",
      " [ True False False False False False False False False False False False\n",
      "  False False False]\n",
      " [ True False False False False False False False False False False False\n",
      "  False False False]\n",
      " [ True False False False False False False False False False False False\n",
      "  False False False]\n",
      " [ True False False False False False False False False False False False\n",
      "  False False False]\n",
      " [ True False False False False False False False False False False False\n",
      "  False False False]\n",
      " [ True False False False False False False False False False False False\n",
      "  False False False]\n",
      " [ True False False False False False False False False False False False\n",
      "  False False False]\n",
      " [ True False False False False False False False False False False False\n",
      "  False False False]\n",
      " [ True False False False False False False False False False False False\n",
      "  False False False]\n",
      " [ True False False False False False False False False False False False\n",
      "  False False False]\n",
      " [ True False False False False False False False False False False False\n",
      "  False False False]]\n"
     ]
    }
   ],
   "source": [
    "# transform to numpy\n",
    "Cities_Distance = Raw_Cities_Distance.to_numpy()\n",
    "\n",
    "print(Cities_Distance)\n",
    "#print(Cities_Distance.shape)\n",
    "\n",
    "# build a boolean table\n",
    "size = len(Cities_Distance)\n",
    "boolean_table = np.zeros((size, size), dtype=bool)\n",
    "for i in range(size):\n",
    "    boolean_table[0, i] = boolean_table[i, 0] = 1\n",
    "\n",
    "print(boolean_table)"
   ],
   "metadata": {
    "collapsed": false,
    "pycharm": {
     "name": "#%%\n"
    }
   }
  },
  {
   "cell_type": "markdown",
   "source": [
    "### Generate all possible cities permutation"
   ],
   "metadata": {
    "collapsed": false,
    "pycharm": {
     "name": "#%% md\n"
    }
   }
  },
  {
   "cell_type": "code",
   "execution_count": 606,
   "outputs": [
    {
     "name": "stdout",
     "output_type": "stream",
     "text": [
      "[0, 1, 2, 3, 4, 5, 6, 7, 8, 9, 10, 11, 12, 13, 14]\n"
     ]
    }
   ],
   "source": [
    "\n",
    "current_schedule = list(range(len(Cities_Distance)))\n",
    "print(current_schedule)\n",
    "\n",
    "def get_permutation(current_schedule):\n",
    "    permutation = []\n",
    "    for i in range(len(current_schedule)):\n",
    "        for j in range(i+1, len(current_schedule)):\n",
    "            neighbor = current_schedule.copy()\n",
    "            neighbor[i] = current_schedule[j]\n",
    "            neighbor[j] = current_schedule[i]\n",
    "            loc = [i, j]\n",
    "            loc.extend(neighbor)\n",
    "            loc.extend([0,0])\n",
    "            permutation.append(loc)\n",
    "\n",
    "    permutation = np.array(permutation)\n",
    "\n",
    "    #print(f'new permutation generation completed! \\n shape: {permutation.shape} \\n {permutation}')\n",
    "    # print(permutation.shape)\n",
    "    return permutation"
   ],
   "metadata": {
    "collapsed": false,
    "pycharm": {
     "name": "#%%\n"
    }
   }
  },
  {
   "cell_type": "code",
   "execution_count": 607,
   "outputs": [],
   "source": [
    "def get_schedule_length(arbitrary_array):\n",
    "    #print(f'The input array is :{arbitrary_array}, len: {len(arbitrary_array)}')\n",
    "    sum = 0\n",
    "    for j in range(len(arbitrary_array)-1):\n",
    "        sum += Cities_Distance[arbitrary_array[j],arbitrary_array[j+1]]\n",
    "    return sum\n",
    "\n",
    "def get_new_schedule(permutation, best_result):\n",
    "    min = 10e6\n",
    "    store_i = 0\n",
    "    store_j = 0\n",
    "    current_schedule = []\n",
    "    for i in range(len(permutation)):\n",
    "        sum = 0\n",
    "        sum = get_schedule_length(permutation[i,2:18])\n",
    "        #for j in range(2, len(permutation[i])-2):\n",
    "        #    sum += Cities_Distance[permutation[i,j],permutation[i,j+1]]\n",
    "\n",
    "        if boolean_table[permutation[i,0], permutation[i,1]]!=1:\n",
    "            permutation[i,18] = int(sum)\n",
    "            if ((sum < min) & (sum < best_result)):\n",
    "                min = sum\n",
    "                best_result = min\n",
    "                print(f'The best_result is : {best_result}')\n",
    "                store_i = permutation[i,0]\n",
    "                store_j = permutation[i,1]\n",
    "                current_schedule = permutation[i,2:17]\n",
    "\n",
    "    # print(f'The minimum value is at : {store_i, store_j}')\n",
    "    boolean_table[store_i, store_j] = 1\n",
    "    boolean_table[store_j, store_i] = 1\n",
    "    # print(boolean_table)\n",
    "    # print(permutation)\n",
    "    print(f'The new schedule is: {current_schedule}')\n",
    "\n",
    "    return current_schedule, best_result"
   ],
   "metadata": {
    "collapsed": false,
    "pycharm": {
     "name": "#%%\n"
    }
   }
  },
  {
   "cell_type": "code",
   "execution_count": 608,
   "outputs": [
    {
     "name": "stdout",
     "output_type": "stream",
     "text": [
      "Step:0\n",
      "The best_result is : 3560.0\n",
      "The best_result is : 3354.0\n",
      "The best_result is : 3344.0\n",
      "The best_result is : 3003.0\n",
      "The best_result is : 2867.0\n",
      "The best_result is : 2653.0\n",
      "The best_result is : 2558.0\n",
      "The new schedule is: [ 0  1  2  3  4  5 14  7  8  9 10 11 12 13  6]\n",
      "Step:1\n",
      "The best_result is : 2534.0\n",
      "The best_result is : 2529.0\n",
      "The best_result is : 2420.0\n",
      "The best_result is : 2314.0\n",
      "The best_result is : 2114.0\n",
      "The new schedule is: [ 0  1  2  3  4  5 14 11  8  9 10  7 12 13  6]\n",
      "Step:2\n",
      "The best_result is : 1976.0\n",
      "The best_result is : 1870.0\n",
      "The best_result is : 1859.0\n",
      "The new schedule is: [ 0  1 12  3  4  5 14 11  8  9 10  7  2 13  6]\n",
      "Step:3\n",
      "The best_result is : 1832.0\n",
      "The best_result is : 1597.0\n",
      "The new schedule is: [ 0  1 12  9  4  5 14 11  8  3 10  7  2 13  6]\n",
      "Step:4\n",
      "The best_result is : 1596.0\n",
      "The best_result is : 1551.0\n",
      "The new schedule is: [ 0  1 12  9  4  8 14 11  5  3 10  7  2 13  6]\n",
      "Step:5\n",
      "The best_result is : 1549.0\n",
      "The best_result is : 1477.0\n",
      "The new schedule is: [ 0  1 12  9  4  8 14 11  5  2 10  7  3 13  6]\n",
      "Step:6\n",
      "The best_result is : 1454.0\n",
      "The best_result is : 1432.0\n",
      "The new schedule is: [ 0  1 12  9  4  8 14 11  5 10  2  7  3 13  6]\n",
      "Step:7\n",
      "The best_result is : 1425.0\n",
      "The new schedule is: [ 0  1 12  9  4  8 14  5 11 10  2  7  3 13  6]\n",
      "Step:8\n",
      "The best_result is : 1370.0\n",
      "The new schedule is: [ 0  1 12  9  4  8  5 14 11 10  2  7  3 13  6]\n",
      "The current_schedule is: [ 0  1 12  9  4  8  5 14 11 10  2  7  3 13  6]\n",
      "[ 0  1 12  9  4  8  5 14 11 10  2  7  3 13  6  0]\n"
     ]
    },
    {
     "data": {
      "text/plain": "1370.0"
     },
     "execution_count": 608,
     "metadata": {},
     "output_type": "execute_result"
    }
   ],
   "source": [
    "for i in range(9):\n",
    "    print(f'Step:{i}')\n",
    "    permutation = get_permutation(current_schedule)\n",
    "    current_schedule, best_result = get_new_schedule(permutation, best_result)\n",
    "\n",
    "# print(boolean_table)\n",
    "print(f'The current_schedule is: {current_schedule}')\n",
    "\n",
    "current_schedule = np.append(current_schedule, [0])\n",
    "print(current_schedule)\n",
    "get_schedule_length(current_schedule)"
   ],
   "metadata": {
    "collapsed": false,
    "pycharm": {
     "name": "#%%\n"
    }
   }
  }
 ],
 "metadata": {
  "kernelspec": {
   "name": "pycharm-c2fc6036",
   "language": "python",
   "display_name": "PyCharm (Homework)"
  },
  "language_info": {
   "codemirror_mode": {
    "name": "ipython",
    "version": 2
   },
   "file_extension": ".py",
   "mimetype": "text/x-python",
   "name": "python",
   "nbconvert_exporter": "python",
   "pygments_lexer": "ipython2",
   "version": "2.7.6"
  }
 },
 "nbformat": 4,
 "nbformat_minor": 0
}